px	py	v	yaw_angle	yaw_rate	px_measured	py_measured	px_true	py_true	vx_true	vy_true	NIS
0.312243	0.58034	0	0	0	0.312243	0.58034	0.6	0.6	5.19994	0	2.37152e-321
0.717457	0.55252	6.88033	2.16882e-17	-9.98002e-18	0.862916	0.534212	0.859997	0.600045	5.19975	0.00179686	2.37152e-321
1.17444	0.483531	6.87827	-0.00834117	-0.00412218	1.17385	0.481073	1.11998	0.600225	5.19943	0.00538996	2.37152e-321
1.5841	0.379002	6.83931	-0.0488755	-0.0824052	0.969149	0.397513	1.37996	0.600629	5.19898	0.0107781	2.37152e-321
1.95703	0.620899	6.15122	0.296372	-0.136659	1.65063	0.62469	1.6399	0.601347	5.19839	0.0179597	2.37152e-321
2.93383	0.894342	5.37862	0.226616	-0.0700364	1.62331	0.499091	1.89982	0.60247	5.19766	0.0269323	2.37152e-321
2.85602	0.810475	4.05334	0.209534	0.0729014	2.18882	0.648739	2.1597	0.604086	5.19678	0.0376932	2.37152e-321
3.90956	1.09788	4.12296	0.281966	0.149612	1.96701	0.557117	2.41954	0.606284	5.19573	0.0502389	2.37152e-321
3.59435	0.985152	2.16176	0.321671	0.169639	2.65526	0.66598	2.67932	0.609155	5.1945	0.0645654	2.37152e-321
4.78011	1.12409	3.31146	0.127467	-0.161781	2.92034	0.645898	2.93904	0.612786	5.19309	0.080668	2.37152e-321
3.93005	0.748468	0.958552	-0.064296	-0.328357	3.01222	0.637046	3.19869	0.617267	5.19147	0.0985415	2.37152e-321
5.14786	0.731292	2.99782	0.195071	0.272805	3.56096	0.485311	3.45825	0.622685	5.18963	0.11818	2.37152e-321
4.37177	0.465733	1.23074	0.260051	0.262535	3.89365	0.311793	3.71772	0.62913	5.18754	0.139576	2.37152e-321
5.86407	0.918372	3.36156	0.0833103	-0.283753	4.19786	0.698311	3.97708	0.636689	5.18519	0.162724	2.37152e-321
4.6514	0.57335	1.68637	-0.310388	-0.479782	4.30935	0.578564	4.23632	0.645449	5.18256	0.187614	2.37152e-321
6.32155	0.74814	2.48177	1.00915	1.52452	4.61908	0.68951	4.49542	0.655498	5.17962	0.214238	2.37152e-321
4.41886	1.06279	1.09166	-2.6668	2.57086	4.35143	0.899174	4.75437	0.666921	5.17634	0.242587	2.37152e-321
4.99428	0.29331	2.62947	2.02176	4.75431	5.20901	0.66599	5.01315	0.679804	5.1727	0.272649	2.37152e-321
5.44324	0.529875	2.44121	1.03531	5.38046	5.51894	0.648233	5.27175	0.694234	5.16867	0.304413	2.37152e-321
5.15593	0.498087	3.80037	-0.0692061	5.53793	5.22834	0.639362	5.53013	0.710295	5.16422	0.337868	2.37152e-321
5.95994	0.706371	4.05345	0.471816	5.34228	6.022	0.708619	5.78828	0.728072	5.15932	0.372999	2.37152e-321
5.84443	0.407408	4.50747	0.511107	5.69675	5.89392	0.373584	6.04618	0.747647	5.15393	0.409793	2.37152e-321
6.30175	0.918585	4.92855	0.897273	6.151	6.34249	0.948833	6.30379	0.769103	5.14803	0.448233	2.37152e-321
6.58936	0.891484	5.56272	0.423348	5.14315	6.62134	0.836138	6.5611	0.792523	5.14157	0.488305	2.37152e-321
6.7674	0.724564	5.69081	0.722094	5.46104	6.78214	0.714036	6.81808	0.817988	5.13452	0.52999	2.37152e-321
7.22415	0.671821	6.09432	0.596876	5.15969	7.29121	0.630741	7.07469	0.845578	5.12685	0.573269	2.37152e-321
7.13321	0.973365	5.85595	0.809436	4.98422	7.13735	0.957217	7.3309	0.875373	5.11851	0.618123	2.37152e-321
8.0066	0.756272	6.23563	0.266029	4.10599	8.08349	0.819605	7.58668	0.907449	5.10946	0.664531	2.37152e-321
7.79278	0.729705	6.36666	0.438221	4.39054	7.80533	0.719126	7.84199	0.941886	5.09966	0.712469	2.37152e-321
8.15789	0.864487	6.69689	0.536935	4.13102	8.40453	0.884557	8.0968	0.978759	5.08907	0.761915	2.37152e-321
8.24474	0.843081	6.79778	0.644311	4.26758	8.24796	0.840322	8.35106	1.01814	5.07766	0.812843	2.37152e-321
8.45998	1.42241	7.08796	0.492153	4.09711	8.45858	1.41118	8.60472	1.06011	5.06537	0.865226	2.37152e-321
8.74074	1.05462	7.22966	0.174919	4.54143	8.74615	1.04858	8.85775	1.10473	5.05216	0.919037	2.37152e-321
9.87877	1.17459	7.18705	0.521694	4.70102	9.8809	1.1419	9.1101	1.15208	5.03798	0.974245	2.37152e-321
9.26367	1.07502	6.31953	0.960898	5.78576	9.25579	1.04913	9.36172	1.20223	5.0228	1.03082	2.37152e-321
9.92218	1.35954	7.18831	0.395329	5.7274	10.1016	1.52474	9.61255	1.25524	5.00656	1.08873	2.37152e-321
10.0385	1.46388	7.10151	-1.66537	5.97912	10.0484	1.44598	9.86254	1.31118	4.98922	1.14794	2.37152e-321
10.4732	1.69015	6.49144	-2.95283	6.36917	10.5377	1.72555	10.1117	1.37011	4.97074	1.20841	2.37152e-321
10.2593	1.47281	7.0959	3.03326	6.5649	10.2492	1.45907	10.3598	1.4321	4.95106	1.2701	2.37152e-321
10.8447	1.48896	6.38093	-3.13788	6.55168	10.9084	1.70343	10.6069	1.49721	4.93014	1.33298	2.37152e-321
10.731	1.44944	6.34061	-2.71223	7.02087	10.7313	1.45265	10.853	1.56549	4.90794	1.39701	2.37152e-321
11.432	1.22169	4.87778	-0.0390134	7.44445	11.4783	1.42876	11.0979	1.637	4.8844	1.46213	2.37152e-321
11.5872	1.62051	4.91217	2.94011	7.35454	11.587	1.61462	11.3416	1.71179	4.85948	1.52832	2.37152e-321
11.4299	1.32411	5.08222	0.109656	7.64983	11.4763	1.53917	11.584	1.78992	4.83313	1.59551	2.37152e-321
11.7696	1.75664	5.3854	-1.80345	7.58097	11.7788	1.74591	11.8251	1.87144	4.80531	1.66366	2.37152e-321
12.1358	2.21896	4.44058	1.93681	7.74412	12.136	2.14937	12.0647	1.95639	4.77598	1.73273	2.37152e-321
12.3067	1.77978	4.11293	1.05315	8.18065	12.3226	1.78353	12.3029	2.04482	4.74508	1.80265	2.37152e-321
12.3698	1.94084	4.27579	-0.370232	7.20852	12.5457	1.77728	12.5394	2.13677	4.71257	1.87338	2.37152e-321
12.5911	2.18031	4.4994	-1.92133	7.57958	12.5924	2.17509	12.7743	2.23227	4.67842	1.94485	2.37152e-321
13.2421	2.52758	4.5017	-0.588413	7.2416	13.2198	2.6644	13.0075	2.33137	4.64258	2.01701	2.37152e-321
13.0901	2.41292	4.64538	-1.13766	7.76565	13.0875	2.40708	13.2388	2.43409	4.605	2.08981	2.37152e-321
12.6649	2.9986	4.6758	0.124259	6.96744	12.7087	3.12439	13.4682	2.54047	4.56565	2.16317	2.37152e-321
13.8217	2.63994	5.47242	-0.8583	8.25769	13.836	2.62479	13.6955	2.65053	4.52448	2.23703	2.37152e-321
13.9654	3.06085	4.45896	0.852432	12.2378	13.8302	2.73893	13.9208	2.7643	4.48147	2.31134	2.37152e-321
14.1737	2.97305	4.69079	2.46307	12.9849	14.2106	2.94205	14.1439	2.88179	4.43656	2.38601	2.37152e-321
14.2441	2.17945	5.03463	0.396395	13.5302	14.5568	2.87021	14.3646	3.00303	4.38974	2.46099	2.37152e-321
14.4765	2.86083	5.78444	-0.178162	13.7705	14.4616	2.90734	14.583	3.12802	4.34097	2.5362	2.37152e-321
14.701	3.33071	5.12089	0.769536	14.649	14.6754	3.96041	14.7989	3.25679	4.29021	2.61157	2.37152e-321
15.003	3.52686	5.39128	-0.0475356	15.8236	15.0261	3.5067	15.0122	3.38932	4.23744	2.68703	2.37152e-321
15.3898	3.5637	6.16181	0.800253	14.2661	15.3685	4.14761	15.2228	3.52563	4.18263	2.76249	2.37152e-321
15.5164	3.83317	6.5498	-0.270828	14.618	15.5236	3.82936	15.4306	3.66572	4.12575	2.83789	2.37152e-321
15.7226	3.6455	6.49935	0.0171457	14.3542	15.7234	3.4105	15.6355	3.80957	4.06678	2.91315	2.37152e-321
15.9768	3.96639	6.53138	0.29383	14.1598	15.9774	4.00094	15.8375	3.95719	4.00571	2.98817	2.37152e-321
16.3351	4.22432	6.48484	0.49691	13.8596	16.3376	4.21632	16.0363	4.10854	3.94251	3.0629	2.37152e-321
16.3298	4.44717	6.52958	0.775209	14.0647	16.3313	4.44499	16.2319	4.26363	3.87716	3.13723	2.37152e-321
16.6327	4.65823	6.4455	1.04408	11.6991	16.7586	4.48231	16.4242	4.42242	3.80966	3.21109	2.37152e-321
16.5936	4.67998	6.35407	1.63535	12.4738	16.6039	4.67344	16.613	4.5849	3.74	3.28438	2.37152e-321
16.2581	5.15661	6.83012	0.417382	12.6144	16.9236	5.10119	16.7983	4.75103	3.66817	3.35704	2.37152e-321
16.9837	5.23141	6.91584	-0.738157	13.0027	16.9955	5.21099	16.9799	4.92077	3.59416	3.42897	2.37152e-321
17.4901	5.01399	6.90608	0.276527	12.7969	17.3421	4.64623	17.1579	5.09409	3.51797	3.50008	2.37152e-321
17.2916	5.43013	6.68972	1.30234	12.4948	17.2894	5.43542	17.3319	5.27094	3.4396	3.57028	2.37152e-321
17.0696	5.15682	6.92821	0.80667	11.7977	17.6463	4.74597	17.5019	5.45128	3.35907	3.63949	2.37152e-321
17.7748	5.6324	7.28142	0.194182	12.8929	17.7853	5.62476	17.6679	5.63506	3.27637	3.70762	2.37152e-321
17.8983	6.1005	7.29689	3.07013	12.5209	17.9216	6.07151	17.8297	5.82221	3.19151	3.77458	2.37152e-321
18.1235	6.13799	7.23937	-1.46265	12.9253	18.1263	6.16985	17.9872	6.01269	3.10453	3.84027	2.37152e-321
18.4967	6.78867	6.93423	-3.08298	14.3629	18.1245	6.79027	18.1402	6.20641	3.01542	3.90462	2.37152e-321
18.2176	6.65058	6.97644	1.39979	14.9579	18.2164	6.66138	18.2888	6.40332	2.92421	3.96753	2.37152e-321
18.0027	7.23172	7.69274	1.31182	18.1527	18.4022	7.02231	18.4328	6.60333	2.83093	4.0289	2.37152e-321
18.4962	6.77253	7.42052	3.00179	18.9168	18.5422	6.76013	18.572	6.80638	2.7356	4.08867	2.37152e-321
18.883	6.34121	7.64134	1.46948	20.5965	18.8089	7.24388	18.7064	7.01237	2.63825	4.14672	2.37152e-321
19.1234	7.18442	7.98047	1.95045	20.197	19.1441	7.18344	18.8359	7.22122	2.53893	4.20299	2.37152e-321
18.736	7.57748	7.74197	1.12001	20.4835	18.5479	7.4012	18.9604	7.43283	2.43767	4.25737	2.37152e-321
18.9876	7.88073	7.83118	-3.0631	21.0563	19.0138	7.8688	19.0798	7.64712	2.3345	4.3098	2.37152e-321
19.296	7.71287	7.36094	1.38038	23.3852	19.3089	7.67375	19.1939	7.86397	2.22949	4.36017	2.37152e-321
19.1189	8.13059	7.48782	-0.889577	23.62	19.132	8.12845	19.3028	8.08329	2.12266	4.40842	2.37152e-321
18.9228	8.08716	7.52561	-0.550822	25.0186	19.0239	8.17194	19.4062	8.30497	2.01409	4.45445	2.37152e-321
19.3401	8.29678	7.67372	0.01525	24.8996	19.347	8.30741	19.5042	8.5289	1.90381	4.49819	2.37152e-321
19.6851	8.3125	7.83872	0.793534	26.4681	19.6843	8.35902	19.5966	8.75494	1.7919	4.53956	2.37152e-321
19.9999	8.89365	8.15297	-2.18339	26.7168	20.0039	8.8906	19.6835	8.983	1.67841	4.57848	2.37152e-321
20.2333	8.78338	8.09724	-2.43228	27.162	19.6061	9.48659	19.7645	9.21294	1.56341	4.61488	2.37152e-321
20.1944	9.41606	7.88404	0.910103	30.2444	20.1574	9.45949	19.8398	9.44463	1.44697	4.64869	2.37152e-321
20.0162	9.28449	7.80139	0.33357	30.1917	19.6163	9.76606	19.9093	9.67795	1.32916	4.67984	2.37152e-321
20.1768	9.85219	8.00449	0.250611	31.3862	20.1573	9.90876	19.9728	9.91275	1.21005	4.70826	2.37152e-321
19.8645	9.94663	7.74038	1.07145	31.6803	19.1911	11.5493	20.0303	10.1489	1.08972	4.73389	2.37152e-321
20.1421	10.4812	8.0508	-0.486977	33.8596	20.166	10.4687	20.0818	10.3863	0.968259	4.75666	2.37152e-321
19.6682	11.0828	7.75008	3.03043	34.1843	19.6775	10.803	20.1271	10.6247	0.845742	4.77652	2.37152e-321
20.3683	10.9912	7.37419	-2.49405	34.7011	20.371	11.0109	20.1663	10.864	0.722256	4.7934	2.37152e-321
20.4089	10.9243	7.48226	2.05882	34.2041	19.4335	12.3402	20.1993	11.1041	0.597892	4.80727	2.37152e-321
20.2769	11.327	7.57664	0.277234	35.4598	20.3164	11.3483	20.2261	11.3449	0.472738	4.81807	2.37152e-321
19.6699	11.1887	7.33211	-0.0870747	35.353	19.2063	12.2418	20.2466	11.5861	0.346889	4.82575	2.37152e-321
20.5981	11.7664	7.6873	0.456328	33.9368	20.6141	11.9422	20.2608	11.8275	0.220439	4.83027	2.37152e-321
20.1843	11.557	7.27282	1.54511	33.7891	19.966	11.9688	20.2687	12.0692	0.093487	4.83159	2.37152e-321
20.2717	12.4976	7.72237	-2.59243	34.2317	20.3263	12.4966	20.2701	12.3108	-0.0338694	4.82968	2.37152e-321
20.1711	12.2452	7.87172	-1.80767	37.0429	20.0192	12.4823	20.2652	12.5522	-0.161529	4.82451	2.37152e-321
20.4977	12.8921	7.60804	2.32956	37.0445	20.498	12.8924	20.254	12.7933	-0.28939	4.81605	2.37152e-321
20.9686	12.2287	7.21023	1.33446	37.2415	20.9151	12.2555	20.2363	13.0339	-0.417348	4.80428	2.37152e-321
20.221	13.1622	7.66214	-1.54783	35.7272	20.1943	13.1688	20.2122	13.2738	-0.545298	4.78918	2.37152e-321
20.5061	13.4436	7.59271	1.30145	36.0727	19.858	13.5236	20.1818	13.5129	-0.673135	4.77072	2.37152e-321
20.349	13.8828	7.58983	1.60762	38.7274	20.3245	13.8896	20.1449	13.7509	-0.800753	4.74892	2.37152e-321
20.1438	13.5166	7.58785	-0.637693	38.0383	20.3387	13.5307	20.1017	13.9878	-0.928043	4.72374	2.37152e-321
20.104	14.313	7.57065	1.24824	37.0088	20.1216	14.337	20.0521	14.2233	-1.0549	4.69521	2.37152e-321
19.9385	14.2472	7.4628	-0.343291	34.8168	19.6717	14.4038	19.9962	14.4573	-1.18121	4.66331	2.37152e-321
19.7699	14.7416	7.43252	-0.0799652	34.5629	19.781	14.773	19.934	14.6897	-1.30687	4.62805	2.37152e-321
20.0549	14.8152	7.50582	0.547029	35.0277	20.1149	14.0165	19.8655	14.9202	-1.43177	4.58944	2.37152e-321
20.0326	15.1857	7.64914	-1.11473	33.2345	20.0208	15.2053	19.7908	15.1486	-1.55581	4.54751	2.37152e-321
20.1531	15.439	7.55899	1.61712	33.6485	20.0157	15.3443	19.7099	15.3749	-1.67887	4.50226	2.37152e-321
19.926	15.5547	7.47547	1.86425	33.0366	19.9131	15.554	19.6229	15.5989	-1.80085	4.45372	2.37152e-321
20.004	14.993	7.44346	0.0863027	33.9261	19.9388	15.0864	19.5298	15.8203	-1.92164	4.40193	2.37152e-321
19.4774	15.9814	7.6912	-0.613507	32.531	19.4748	16.0098	19.4307	16.039	-2.04114	4.3469	2.37152e-321
19.1926	16.2809	7.52477	-1.64054	31.4457	19.1556	16.0022	19.3257	16.2549	-2.15925	4.28868	2.37152e-321
19.2434	16.2715	7.49833	-1.65348	31.4121	19.238	16.2719	19.2148	16.4679	-2.27586	4.22731	2.37152e-321
19.3106	16.3202	7.49982	-0.276562	31.0097	19.4007	16.2962	19.0981	16.6777	-2.39087	4.16284	2.37152e-321
18.9995	16.8263	7.28007	0.19665	29.8764	19.0029	16.8387	18.9757	16.8841	-2.50418	4.0953	2.37152e-321
19.0332	17.0718	7.27729	1.80431	29.8101	18.8373	17.7112	18.8477	17.0872	-2.61571	4.02476	2.37152e-321
18.6158	17.3833	7.4177	-1.83879	29.6959	18.6148	17.3832	18.7142	17.2866	-2.72534	3.95127	2.37152e-321
18.7235	17.0388	7.47732	1.18302	30.0376	18.8177	17.0316	18.5752	17.4822	-2.83299	3.87489	2.37152e-321
18.1341	17.5398	7.71439	2.16728	28.566	18.1023	17.5529	18.4309	17.674	-2.93858	3.79568	2.37152e-321
18.0338	17.2783	7.67648	1.33851	28.6434	18.2749	17.4877	18.2814	17.8617	-3.042	3.71372	2.37152e-321
18.2013	18.0478	7.83048	1.99973	30.252	18.2094	18.0461	18.1268	18.0453	-3.14318	3.62906	2.37152e-321
18.4298	17.3597	7.58984	2.30716	30.2339	18.3021	17.498	17.9671	18.2246	-3.24204	3.5418	2.37152e-321
17.9012	18.2175	7.85932	-2.35492	32.5838	17.9018	18.2183	17.8026	18.3994	-3.3385	3.45199	2.37152e-321
18.3881	18.5137	7.71172	-2.58515	32.5811	18.8558	18.1364	17.6334	18.5697	-3.43247	3.35973	2.37152e-321
17.4445	18.6076	8.02046	-2.79255	45.1402	17.3845	18.7039	17.4595	18.7353	-3.5239	3.26509	2.37152e-321
17.6043	18.6018	7.98352	2.33381	43.9218	17.7945	18.0801	17.281	18.8962	-3.61271	3.16817	2.37152e-321
17.1739	18.884	8.12682	1.31479	43.9235	17.1762	18.8863	17.0983	19.0521	-3.69883	3.06904	2.37152e-321
17.3216	19.6695	8.32277	2.42323	43.635	16.9398	19.7311	16.9113	19.203	-3.78221	2.9678	2.37152e-321
16.6327	19.1198	8.17678	-2.41933	42.1631	16.5734	19.052	16.7201	19.3488	-3.86278	2.86455	2.37152e-321
15.5898	18.1618	8.57087	-2.53469	42.2757	16.1674	20.2201	16.5251	19.4894	-3.9405	2.75938	2.37152e-321
16.3666	19.4261	7.94255	0.749276	51.4095	16.2338	19.6171	16.3262	19.6246	-4.01531	2.65237	2.37152e-321
14.1212	17.493	7.12183	-0.263881	50.7752	16.4366	18.2742	16.1237	19.7545	-4.08716	2.54364	2.37152e-321
15.9202	19.8548	7.82626	2.27542	51.7315	15.9243	19.8703	15.9176	19.8789	-4.15602	2.43329	2.37152e-321
16.5178	19.0476	7.54015	2.55824	51.7173	16.2328	19.2166	15.7082	19.9978	-4.22185	2.32141	2.37152e-321
15.3992	20.1319	7.87511	-2.05765	53.7556	15.4332	20.1836	15.4956	20.111	-4.28461	2.2081	2.37152e-321
15.921	20.9036	7.59652	-1.02478	54.0406	14.3677	21.3406	15.2799	20.2185	-4.34427	2.09347	2.37152e-321
15.2987	20.4975	7.7088	0.214789	54.7125	15.2016	20.4385	15.0613	20.3203	-4.4008	1.97763	2.37152e-321
14.5391	20.4471	7.48002	1.12835	54.5702	14.7476	19.9571	14.84	20.4162	-4.4542	1.86068	2.37152e-321
14.655	20.6143	7.56561	-2.55306	54.7433	14.6665	20.6088	14.6161	20.5063	-4.50443	1.74272	2.37152e-321
11.2977	18.3289	8.64915	-2.26717	54.7662	13.841	21.0031	14.3897	20.5904	-4.55149	1.62386	2.37152e-321
14.0456	20.5975	7.68188	0.773647	54.7133	14.0521	20.5924	14.1611	20.6686	-4.59537	1.50421	2.37152e-321
11.4322	18.1378	6.89373	-0.758014	52.6613	13.8232	20.859	13.9304	20.7408	-4.63606	1.38386	2.37152e-321
13.4653	20.7218	7.63576	-0.81747	52.6666	13.4686	20.7253	13.6977	20.807	-4.67357	1.26294	2.37152e-321
13.9831	20.3956	7.70461	0.955604	52.4227	13.8263	20.4261	13.4632	20.8671	-4.70789	1.14153	2.37152e-321
13.1184	20.8215	7.41363	-2.51321	52.1195	13.1072	20.8294	13.2271	20.9211	-4.73904	1.01975	2.37152e-321
9.16882	17.7044	8.70819	0.296576	51.6936	13.2669	21.1579	12.9895	20.969	-4.76702	0.897694	2.37152e-321
12.8786	21.0408	6.89502	1.06387	49.0719	12.8729	21.0592	12.7506	21.0108	-4.79186	0.775469	2.37152e-321
12.9119	21.5705	6.99562	-2.06386	49.1311	11.5171	21.6724	12.5106	21.0465	-4.81358	0.653175	2.37152e-321
12.3001	21.0596	7.0402	-1.76239	47.1336	12.2062	21.11	12.2695	21.0761	-4.83219	0.530912	2.37152e-321
12.3924	21.1095	7.02615	-2.44377	46.7547	12.3859	21.1066	12.0276	21.0996	-4.84773	0.408778	2.37152e-321
11.7055	20.8366	7.18221	2.69577	46.909	11.6814	20.8651	11.785	21.117	-4.86022	0.286869	2.37152e-321
11.5714	20.6942	7.16213	-1.37996	46.7413	11.5265	20.6748	11.5418	21.1283	-4.86971	0.165281	2.37152e-321
11.3714	21.0705	7.26587	2.02444	47.7769	11.363	21.0688	11.2982	21.1335	-4.87623	0.0441057	2.37152e-321
11.1661	20.9868	7.35943	-2.53358	47.4563	10.5558	20.5567	11.0544	21.1327	-4.87982	-0.076565	2.37152e-321
10.8926	20.9237	7.46638	-1.30492	47.6299	10.8903	20.927	10.8105	21.1259	-4.88053	-0.196643	2.37152e-321
10.5581	22.6563	7.08981	-2.57086	47.5154	9.30535	21.3896	10.5666	21.1131	-4.8784	-0.31604	2.37152e-321
10.1785	21.2254	7.47816	-2.11473	42.7822	10.189	21.209	10.3229	21.0943	-4.87349	-0.434674	2.37152e-321
10.4286	21.3313	7.45431	-1.81045	45.8345	9.97958	21.2932	10.0795	21.0697	-4.86585	-0.552463	2.37152e-321
10.0229	20.9732	7.709	2.51725	53.5144	9.99634	20.9797	9.83658	21.0391	-4.85554	-0.669327	2.37152e-321
9.12638	21.6011	7.93593	-2.86881	54.2385	9.38223	21.111	9.59422	21.0028	-4.84262	-0.785189	2.37152e-321
9.53557	20.8893	7.80235	-0.162172	54.3079	9.53921	20.8762	9.35258	20.9607	-4.82714	-0.899977	2.37152e-321
9.58096	20.8325	8.52664	-0.840493	44.7528	9.63392	20.9724	9.11177	20.9128	-4.80919	-1.01362	2.37152e-321
8.72455	20.8411	8.31929	1.69232	46.008	8.70331	20.8221	8.87192	20.8594	-4.78881	-1.12605	2.37152e-321
8.76153	18.8312	7.93985	-1.59961	48.325	9.84634	20.009	8.63315	20.8003	-4.76608	-1.2372	2.37152e-321
8.37019	20.4795	7.53097	-0.208891	59.9181	8.22277	20.4839	8.39557	20.7358	-4.74108	-1.34701	2.37152e-321
8.43706	20.6405	7.51366	-2.27589	58.1203	8.29647	20.4978	8.1593	20.6657	-4.71387	-1.45542	2.37152e-321
7.89069	20.446	7.48193	0.777756	57.9055	7.88599	20.45	7.92445	20.5903	-4.68453	-1.56237	2.37152e-321
2.47767	15.4553	5.92457	-2.3345	58.0083	8.29081	20.6565	7.69111	20.5096	-4.65313	-1.66781	2.37152e-321
7.19454	20.3777	3.86168	-0.864754	58.4312	7.18029	20.392	7.45939	20.4237	-4.61975	-1.7717	2.37152e-321
7.25971	20.2841	2.49139	0.756337	56.0265	7.09214	20.1196	7.22939	20.3326	-4.58448	-1.87399	2.37152e-321
6.8173	20.184	2.38516	2.8625	55.9764	6.81542	20.1859	7.00119	20.2364	-4.54738	-1.97462	2.37152e-321
7.25703	20.1303	6.24458	2.54605	57.3614	6.89359	20.1536	6.7749	20.1352	-4.50854	-2.07357	2.37152e-321
6.41653	20.0541	6.54669	2.94772	58.7516	6.38914	20.0137	6.55059	20.0292	-4.46805	-2.17079	2.37152e-321
6.99325	19.8854	6.43242	-0.072035	54.6835	6.67637	20.2142	6.32834	19.9183	-4.42598	-2.26625	2.37152e-321
5.86341	19.8603	6.05109	0.843091	58.0018	5.86119	19.8306	6.10823	19.8027	-4.38241	-2.35993	2.37152e-321
-1.27214	12.1215	3.2579	-2.15232	60.9918	5.28178	19.5036	5.89034	19.6824	-4.33744	-2.45178	2.37152e-321
5.67705	19.5847	5.88752	-0.767183	62.3227	5.69089	19.5755	5.67472	19.5577	-4.29114	-2.5418	2.37152e-321
6.58801	18.7203	6.1536	-1.68419	55.4812	5.9506	18.9859	5.46145	19.4284	-4.24359	-2.62995	2.37152e-321
5.20048	19.4363	5.8859	-0.519782	60.0502	5.17021	19.4397	5.25059	19.2948	-4.19488	-2.71622	2.37152e-321
6.70478	18.7939	5.12873	2.55095	52.0381	5.87397	19.301	5.04219	19.157	-4.1451	-2.80059	2.37152e-321
5.04203	19.2066	5.06357	1.92263	55.7149	4.89149	18.982	4.8363	19.015	-4.09432	-2.88305	2.37152e-321
4.42532	20.1665	5.48838	-0.332706	43.4028	3.98679	19.0452	4.63297	18.8689	-4.04263	-2.96359	2.37152e-321
4.47856	18.863	5.27213	-1.47251	42.4955	4.4685	18.834	4.43224	18.7188	-3.99012	-3.0422	2.37152e-321
4.56464	17.9064	4.72214	-2.85263	48.6407	4.69245	18.4634	4.23416	18.5648	-3.93685	-3.11888	2.37152e-321
4.26449	18.475	4.66706	-1.27777	53.4306	4.26269	18.481	4.03876	18.4071	-3.88293	-3.19362	2.37152e-321
3.73792	20.3705	3.53416	-2.4356	61.7507	3.42434	18.8357	3.84606	18.2457	-3.82841	-3.26644	2.37152e-321
3.4412	18.1881	4.09907	-0.795453	63.6986	3.45919	18.167	3.65611	18.0807	-3.77339	-3.33732	2.37152e-321
5.08109	16.5524	4.40588	-1.67989	63.3677	4.3011	17.9267	3.46891	17.9122	-3.71795	-3.40627	2.37152e-321
3.16524	17.745	4.03025	2.37064	63.6197	3.12525	17.7493	3.28449	17.7402	-3.66215	-3.47331	2.37152e-321
2.36583	18.403	2.68815	-0.0284993	67.4933	2.65664	17.888	3.10287	17.565	-3.60609	-3.53844	2.37152e-321
2.94529	17.829	2.48737	2.48128	67.1469	2.9449	17.8154	2.92405	17.3866	-3.54982	-3.60167	2.37152e-321
4.13872	16.8276	0.731037	-0.914771	64.4454	3.26647	17.0897	2.74805	17.2051	-3.49344	-3.66302	2.37152e-321
2.67078	17.1753	2.0031	2.07654	61.6592	2.55407	17.0853	2.57486	17.0205	-3.437	-3.72251	2.37152e-321
2.64054	16.7457	1.00975	-2.3951	47.4126	2.55039	16.8884	2.4045	16.833	-3.38059	-3.78014	2.37152e-321
2.25658	16.8303	1.12452	-1.22668	47.2974	2.25371	16.8334	2.23695	16.6427	-3.32428	-3.83595	2.37152e-321
2.04045	17.2826	3.79594	-2.73003	49.7317	1.57735	16.0489	2.07221	16.4497	-3.26812	-3.88995	2.37152e-321
1.88443	16.1175	4.10208	2.26673	49.8915	1.88972	16.1054	1.91027	16.254	-3.21219	-3.94216	2.37152e-321
1.65165	16.2369	3.96597	-1.83486	49.1614	1.74362	16.2687	1.75112	16.0557	-3.15656	-3.99261	2.37152e-321
1.44695	16.0855	4.02984	1.87087	49.4284	1.44745	16.0853	1.59474	15.8549	-3.10129	-4.04132	2.37152e-321
1.63003	14.5813	3.99833	-1.61916	52.868	1.6097	15.5526	1.44111	15.6517	-3.04644	-4.08832	2.37152e-321
1.22918	15.4262	4.21034	2.5066	51.4201	1.18395	15.4284	1.29021	15.4463	-2.99207	-4.13364	2.37152e-321
-0.177426	16.6731	4.81512	-2.02014	37.7191	0.828993	15.528	1.14201	15.2386	-2.93825	-4.1773	2.37152e-321
0.711068	15.0132	4.74175	-1.81668	42.009	0.722706	15.0075	0.996486	15.0288	-2.88503	-4.21933	2.37152e-321
-4.25461	-5.18887	8.52502	1.65181	40.1845	1.03147	15.2134	0.853604	14.8169	-2.83246	-4.25977	2.37152e-321
0.7285	14.704	4.60527	-1.19176	38.835	0.737301	14.7047	0.71333	14.603	-2.78061	-4.29864	2.37152e-321
0.908767	14.171	4.83827	-1.40177	39.2971	0.722177	14.2445	0.575628	14.3872	-2.72952	-4.33598	2.37152e-321
0.363276	14.2216	4.82029	-2.58102	31.6063	0.253435	14.2029	0.440459	14.1696	-2.67925	-4.37181	2.37152e-321
-5.56902	10.4803	6.43448	-1.24943	37.6439	-0.0328023	13.9604	0.307779	13.9502	-2.62984	-4.40617	2.37152e-321
0.458583	13.6854	5.21111	-3.04231	36.7993	0.459172	13.6856	0.177545	13.7292	-2.58135	-4.43909	2.37152e-321
-1.23943	13.6008	5.39339	-1.36623	8.3778	0.0524412	13.6377	0.0497099	13.5065	-2.53381	-4.47061	2.37152e-321
-0.192455	13.2851	5.40581	1.837	8.2602	-0.190344	13.2856	-0.0757753	13.2823	-2.48728	-4.50075	2.37152e-321
-0.274567	11.7042	5.2195	-1.81124	7.37338	-0.275043	13.1456	-0.198962	13.0566	-2.44179	-4.52955	2.37152e-321
0.0501446	12.9291	5.04833	-2.34707	6.97757	0.0462308	12.9301	-0.319903	12.8295	-2.39739	-4.55704	2.37152e-321
-14.3074	-2.26362	8.17629	-2.21613	9.58587	-0.684792	12.3563	-0.438654	12.6011	-2.35412	-4.58326	2.37152e-321
-0.4814	12.3668	4.54225	-2.80384	8.80628	-0.476482	12.3633	-0.555273	12.3714	-2.31202	-4.60823	2.37152e-321
-19.0722	5.57431	8.3323	0.426385	12.404	-0.972122	12.5207	-0.669818	12.1404	-2.27111	-4.63198	2.37152e-321
-0.583471	12.0397	9.84733	0.981153	13.7591	-0.582624	12.0386	-0.78235	11.9083	-2.23144	-4.65456	2.37152e-321
-9.20333	0.4024	5.36114	-1.70351	12.734	-1.26757	11.6495	-0.892931	11.6751	-2.19304	-4.67598	2.37152e-321
-1.17413	11.399	7.544	-2.87827	13.8151	-1.17212	11.3988	-1.00163	11.4409	-2.15594	-4.69628	2.37152e-321
-12.1619	8.08387	10.7371	-2.8793	11.2073	-0.891441	10.959	-1.1085	11.2057	-2.12017	-4.71549	2.37152e-321
-1.38938	11.0289	7.39877	-0.352743	7.66401	-1.39289	11.0424	-1.21362	10.9695	-2.08575	-4.73364	2.37152e-321
1.34908	10.1187	5.21697	-1.93125	20.3388	-1.29894	10.9012	-1.31706	10.7324	-2.05273	-4.75075	2.37152e-321
-1.49658	10.4197	5.08811	-0.584784	20.5208	-1.49687	10.4198	-1.41889	10.4945	-2.02111	-4.76686	2.37152e-321
-1.77222	10.8068	3.1467	-1.81038	14.9793	-1.59293	10.0212	-1.51917	10.2559	-1.99093	-4.78198	2.37152e-321
-1.61944	10.2375	3.202	2.2506	15.2705	-1.61875	10.2374	-1.61797	10.0165	-1.96221	-4.79615	2.37152e-321
-0.909329	9.06802	-0.856228	-0.595161	15.1394	-1.59702	9.96554	-1.71539	9.77637	-1.93498	-4.80939	2.37152e-321
-1.73433	9.71267	-1.03777	0.571485	15.1296	-1.73381	9.71347	-1.81147	9.53564	-1.90924	-4.82172	2.37152e-321
-25.4825	-5.85866	-1.17049	-2.74292	22.1441	-2.27191	9.37316	-1.90631	9.29431	-1.88502	-4.83316	2.37152e-321
-1.93455	8.76131	3.98747	0.860319	23.2719	-1.93833	8.77028	-1.99998	9.05243	-1.86233	-4.84374	2.37152e-321
-15.0396	-6.57391	0.287215	-1.11167	13.6029	-1.96565	9.13274	-2.09256	8.81003	-1.8412	-4.85347	2.37152e-321
-2.17781	8.54059	3.53436	-1.9614	13.4205	-2.1768	8.5411	-2.18412	8.56717	-1.82164	-4.86238	2.37152e-321
-19.7243	-34.7466	12.3558	0.777352	0.475783	-2.65862	8.19477	-2.27474	8.32388	-1.80365	-4.87047	2.37152e-321
-2.21397	8.14818	7.96095	-1.16098	-5.27395	-2.21875	8.15339	-2.3645	8.0802	-1.78726	-4.87778	2.37152e-321
-3.43866	10.7808	7.90275	-1.66381	-2.7358	-2.273	8.52315	-2.45348	7.83617	-1.77248	-4.8843	2.37152e-321
-2.60017	7.60317	7.7069	-2.66651	0.28601	-2.59674	7.60288	-2.54177	7.59184	-1.75931	-4.89006	2.37152e-321
-6.9834	17.8048	8.00699	0.852352	1.19113	-3.08256	7.38874	-2.62944	7.34723	-1.74777	-4.89507	2.37152e-321
-2.79913	7.06467	4.18439	-3.02693	1.56244	-2.79865	7.064	-2.71658	7.10238	-1.73786	-4.89933	2.37152e-321
-17.0071	7.99231	6.27451	-2.66098	-3.54043	-2.79412	7.20818	-2.80326	6.85734	-1.72958	-4.90286	2.37152e-321
-2.74711	6.86988	2.69513	-2.88882	-4.87593	-2.74651	6.86867	-2.88957	6.61214	-1.72295	-4.90566	2.37152e-321
-25.655	1.62547	4.57766	-0.109961	-6.68874	-2.57673	6.36755	-2.97559	6.36681	-1.71797	-4.90774	2.37152e-321
-2.90247	6.22952	4.56105	-1.4373	-7.7339	-2.90217	6.22989	-3.0614	6.12139	-1.71464	-4.90911	2.37152e-321
-0.255294	-14.5704	8.9182	2.94289	-7.98343	-3.50172	6.10796	-3.14709	5.87592	-1.71297	-4.90976	2.37152e-321
-3.17795	5.53018	8.2886	-2.02698	-8.02956	-3.1778	5.53101	-3.23274	5.63043	-1.71295	-4.9097	2.37152e-321
-6.65636	-1.31879	11.7698	-2.22696	-4.37713	-3.19736	5.19093	-3.31843	5.38496	-1.71458	-4.90893	2.37152e-321
-3.43068	5.10529	11.0929	-0.897797	-4.4133	-3.43031	5.10507	-3.40424	5.13955	-1.71787	-4.90745	2.37152e-321
-0.917918	1.88914	11.0773	-0.0922406	-6.74661	-3.4281	4.94644	-3.49026	4.89422	-1.72281	-4.90525	2.37152e-321
-3.6944	4.5215	11.7909	2.16874	-8.98606	-3.69435	4.52196	-3.57657	4.64902	-1.72939	-4.90233	2.37152e-321
-7.68509	11.6334	13.1967	0.30231	-7.25371	-3.50501	4.17643	-3.66325	4.40398	-1.73763	-4.89868	2.37152e-321
-4.00296	4.04867	12.5059	1.86402	-6.87679	-4.00238	4.04684	-3.75039	4.15913	-1.74749	-4.8943	2.37152e-321
2.81428	-18.243	8.95932	1.27098	-7.14073	-4.06447	4.10977	-3.83806	3.91452	-1.75899	-4.88918	2.37152e-321
-3.87904	3.75131	12.822	2.81262	-7.5855	-3.88053	3.75177	-3.92635	3.67019	-1.77212	-4.8833	2.37152e-321
-15.3299	8.62334	14.5204	-1.36555	-8.64026	-4.23729	3.88878	-4.01533	3.42616	-1.78686	-4.87666	2.37152e-321
-4.15313	3.21928	13.0407	-0.854029	-7.23816	-4.15119	3.21968	-4.10509	3.18248	-1.8032	-4.86925	2.37152e-321
9.8668	-13.0605	16.3026	-1.09293	-7.65199	-4.27467	2.88187	-4.19571	2.93919	-1.82113	-4.86104	2.37152e-321
-4.32249	2.55135	13.2337	-1.48349	-11.0476	-4.32451	2.55034	-4.28727	2.69633	-1.84065	-4.85202	2.37152e-321
-3.29015	-14.9649	16.054	-2.04634	-16.189	-4.38481	2.39989	-4.37985	2.45393	-1.86173	-4.84218	2.37152e-321
-4.61143	2.09148	13.4119	-1.60804	-14.0568	-4.61223	2.09192	-4.47352	2.21205	-1.88436	-4.83149	2.37152e-321
-6.49145	-11.7796	15.0094	1.20285	-12.8786	-4.29257	1.92854	-4.56836	1.97072	-1.90853	-4.81994	2.37152e-321
-4.86771	1.53418	13.322	-0.0613295	-12.6468	-4.86829	1.53442	-4.66444	1.72998	-1.93422	-4.80751	2.37152e-321
-10.3199	0.810407	12.806	1.16821	-5.36893	-4.98165	1.43611	-4.76186	1.48989	-1.9614	-4.79417	2.37152e-321
-4.66792	1.28647	13.4237	-1.76638	-5.87367	-4.66779	1.28643	-4.86066	1.25049	-1.99007	-4.7799	2.37152e-321
-9.87502	-11.8569	15.8396	1.49933	-7.97453	-4.98594	1.10894	-4.96095	1.01182	-2.02019	-4.76468	2.37152e-321
-4.85924	0.826063	11.3214	-0.0464917	-6.98939	-4.85498	0.825661	-5.06277	0.77393	-2.05174	-4.74848	2.37152e-321
-16.2184	0.420371	11.0309	-0.849222	-8.22694	-4.84736	0.18101	-5.16621	0.536876	-2.08471	-4.73127	2.37152e-321
-5.12333	0.257115	12.7643	0.300156	-7.65369	-5.1231	0.257311	-5.27133	0.300706	-2.11906	-4.71303	2.37152e-321
-7.34979	-1.82747	11.0548	2.31272	-6.5061	-5.99809	-0.290765	-5.3782	0.0654719	-2.15477	-4.69374	2.37152e-321
-5.29974	-0.213002	11.3425	1.18186	-6.55166	-5.29972	-0.212982	-5.4869	-0.168772	-2.1918	-4.67335	2.37152e-321
-3.9283	-2.19997	8.93408	-1.69455	-16.5515	-5.64447	-0.144522	-5.59748	-0.401971	-2.23014	-4.65185	2.37152e-321
-5.85304	-0.445941	7.08069	2.32566	-16.2068	-5.85359	-0.445801	-5.71001	-0.634069	-2.26974	-4.62919	2.37152e-321
-15.2332	9.73603	9.02051	-2.21652	-16.0804	-5.30947	-0.724468	-5.82456	-0.865006	-2.31058	-4.60536	2.37152e-321
-5.87848	-1.26853	7.00355	0.633318	-16.1041	-5.87835	-1.26863	-5.94118	-1.09472	-2.35262	-4.58032	2.37152e-321
12.817	12.2381	10.64	2.46107	-29.0575	-5.68069	-1.52871	-6.05993	-1.32316	-2.39581	-4.55404	2.37152e-321
-6.27221	-1.50884	7.2171	-2.06967	-28.959	-6.27263	-1.50938	-6.18087	-1.55025	-2.44014	-4.52648	2.37152e-321
5.91255	20.2483	3.47042	-1.76547	-33.437	-6.11355	-1.75966	-6.30406	-1.77593	-2.48555	-4.49762	2.37152e-321
-6.33779	-2.1373	7.02339	-1.88235	-34.3377	-6.34007	-2.13685	-6.42954	-2.00014	-2.532	-4.46742	2.37152e-321
1.32871	22.5773	3.71746	2.60681	-29.8905	-6.99344	-2.17445	-6.55738	-2.22281	-2.57946	-4.43585	2.37152e-321
-6.7925	-2.44517	7.59311	-1.27807	-28.2976	-6.79288	-2.4458	-6.68761	-2.44386	-2.62788	-4.40288	2.37152e-321
-13.5038	19.6918	4.54021	-2.48604	-28.5236	-7.14408	-2.67584	-6.82029	-2.66323	-2.6772	-4.36847	2.37152e-321
-6.8007	-3.10034	7.78828	-1.12453	-28.6585	-6.8003	-3.10086	-6.95546	-2.88084	-2.7274	-4.3326	2.37152e-321
-18.8105	21.4012	4.23689	2.48598	-26.9887	-7.13937	-3.22028	-7.09316	-3.09663	-2.7784	-4.29523	2.37152e-321
-7.12014	-3.263	8.62121	-2.98128	-25.0601	-7.12118	-3.26434	-7.23344	-3.3105	-2.83017	-4.25632	2.37152e-321
-7.70145	2.74765	8.82363	-1.46139	-17.8829	-7.77186	-4.08999	-7.37632	-3.5224	-2.88265	-4.21586	2.37152e-321
-7.4901	-3.49077	9.65555	3.12497	-17.9553	-7.49009	-3.49081	-7.52184	-3.73223	-2.93579	-4.1738	2.37152e-321
-15.0181	-3.37254	9.26337	-1.26873	-1.01594	-7.52393	-3.88213	-7.67004	-3.93992	-2.98953	-4.13012	2.37152e-321
-7.8808	-4.29795	7.27531	2.92678	-1.85263	-7.88049	-4.29783	-7.82094	-4.14538	-3.04381	-4.08479	2.37152e-321
-4.30883	-3.09872	8.21892	1.83116	-4.19456	-8.08524	-4.57834	-7.97457	-4.34854	-3.09857	-4.03778	2.37152e-321
-8.22487	-4.79808	8.4841	2.93954	-4.22492	-8.22492	-4.79812	-8.13095	-4.5493	-3.15376	-3.98906	2.37152e-321
-31.89	0.384901	11.6736	-2.79673	-3.76192	-8.453	-4.95621	-8.2901	-4.74759	-3.2093	-3.93862	2.37152e-321
-8.33588	-5.10482	8.23835	-1.26332	-4.12998	-8.33552	-5.1059	-8.45204	-4.94331	-3.26514	-3.88641	2.37152e-321
-18.4832	24.1759	2.47056	-0.201815	-9.60448	-8.55062	-4.79248	-8.61678	-5.13637	-3.32121	-3.83242	2.37152e-321
-8.91464	-5.51683	6.7128	1.06538	-10.1449	-8.91477	-5.51752	-8.78433	-5.32669	-3.37745	-3.77663	2.37152e-321
-14.5826	-12.322	6.10087	-0.432875	-6.29218	-9.04115	-5.69364	-8.95469	-5.51417	-3.43377	-3.71901	2.37152e-321
-9.03399	-5.80281	7.1835	-0.67072	-6.03326	-9.03391	-5.80267	-9.12788	-5.69872	-3.49012	-3.65955	2.37152e-321
-39.0416	16.2424	2.16804	2.91619	-4.60922	-8.86897	-5.41973	-9.30388	-5.88026	-3.54643	-3.59823	2.37152e-321
-9.30784	-5.82221	4.96666	2.68723	-3.01301	-9.30811	-5.82368	-9.4827	-6.05868	-3.60261	-3.53503	2.37152e-321
-24.3248	1.78297	4.56274	1.68292	-14.2679	-9.80646	-6.41174	-9.66432	-6.23389	-3.6586	-3.46994	2.37152e-321
-9.62583	-6.55961	2.27194	-1.23238	-14.301	-9.62547	-6.55958	-9.84874	-6.4058	-3.71431	-3.40295	2.37152e-321
-29.8278	51.1425	-12.2358	0.070936	13.9107	-10.6688	-6.35543	-10.0359	-6.57431	-3.76969	-3.33404	2.37152e-321
-10.2247	-6.83276	-5.15984	-1.7062	17.1114	-10.2246	-6.83402	-10.2259	-6.73933	-3.82463	-3.26321	2.37152e-321
-6.21986	23.8071	-9.28309	-2.93771	7.57779	-10.2205	-6.71044	-10.4186	-6.90075	-3.87907	-3.19046	2.37152e-321
-10.7617	-7.29097	-5.04924	1.32183	7.27809	-10.7616	-7.29159	-10.614	-7.05849	-3.93293	-3.11577	2.37152e-321
-8.09206	3.72406	-4.02156	0.637254	7.17193	-10.8944	-6.83335	-10.8121	-7.21245	-3.98613	-3.03916	2.37152e-321
-11.2222	-7.56939	-5.55398	-1.18629	7.58378	-11.2219	-7.56979	-11.0128	-7.36252	-4.03859	-2.96062	2.37152e-321
-20.2648	14.8141	-8.52735	-2.83212	2.16731	-10.986	-7.3707	-11.2161	-7.50862	-4.09021	-2.88015	2.37152e-321
-11.0936	-7.67723	-5.28341	-0.332774	2.14907	-11.0934	-7.6776	-11.422	-7.65064	-4.14093	-2.79777	2.37152e-321
-38.403	-0.342853	-9.26867	0.648324	-15.016	-11.4213	-7.46085	-11.6304	-7.78849	-4.19066	-2.71349	2.37152e-321
-11.5272	-7.82107	-5.55913	-2.22358	-14.2398	-11.5269	-7.8215	-11.8413	-7.92208	-4.23932	-2.6273	2.37152e-321
5.15155	13.2057	-9.01204	0.387592	-24.4146	-11.9422	-7.88317	-12.0546	-8.05131	-4.28682	-2.53924	2.37152e-321
-12.0904	-8.08738	-5.7216	-1.47877	-23.1078	-12.09	-8.08828	-12.2702	-8.17609	-4.33309	-2.44932	2.37152e-321
-13.516	5.01725	-7.17734	1.23465	12.5682	-12.4462	-8.02117	-12.4881	-8.29633	-4.37802	-2.35756	2.37152e-321
-12.4237	-8.2597	-5.33722	-0.241552	11.3707	-12.4231	-8.2599	-12.7082	-8.41193	-4.42156	-2.26399	2.37152e-321
-45.9775	0.0520016	-10.2554	0.379332	9.39158	-12.7461	-8.19449	-12.9304	-8.5228	-4.4636	-2.16863	2.37152e-321
-13.2915	-8.6451	-5.83104	-0.439254	10.15	-13.2911	-8.64594	-13.1547	-8.62886	-4.50407	-2.07151	2.37152e-321
-55.8135	11.6701	-9.53365	-0.473069	7.50955	-13.7929	-8.47158	-13.381	-8.73002	-4.54289	-1.97267	2.37152e-321
-13.3874	-8.58216	-3.34054	1.46921	7.85193	-13.384	-8.57583	-13.6092	-8.82619	-4.57997	-1.87214	2.37152e-321
-10.3134	24.4945	-0.167925	1.4978	-4.35639	-13.6376	-8.26344	-13.8392	-8.91729	-4.61524	-1.76997	2.37152e-321
-13.9916	-8.99288	-4.18596	0.487845	-3.7865	-13.9959	-8.99264	-14.0709	-9.00324	-4.64861	-1.6662	2.37152e-321
-13.98	-8.3796	-2.72323	-0.192998	-25.9469	-14.4737	-8.79552	-14.3043	-9.08395	-4.68001	-1.56086	2.37152e-321
-14.427	-9.18601	-2.89473	-2.23159	-25.6281	-14.4273	-9.1875	-14.5391	-9.15936	-4.70936	-1.45402	2.37152e-321
-1.9718	6.49394	-6.77488	0.744431	-14.9327	-14.5757	-9.32634	-14.7754	-9.22939	-4.73658	-1.34573	2.37152e-321
-15.0625	-9.04333	-6.45327	1.23752	-14.7984	-15.062	-9.04396	-15.013	-9.29397	-4.76161	-1.23603	2.37152e-321
-3.68837	24.6735	-3.30942	2.48917	-9.58892	-15.6189	-9.69365	-15.2517	-9.35302	-4.78436	-1.125	2.37152e-321
-15.6679	-9.56705	-7.58359	1.26459	-9.34304	-15.6682	-9.56749	-15.4916	-9.40649	-4.80476	-1.01269	2.37152e-321
12.0366	77.0348	8.21549	-2.8966	-11.4064	-15.9382	-9.35751	-15.7324	-9.45431	-4.82275	-0.899159	2.37152e-321
-16.0867	-9.59633	-0.869875	0.88196	-12.4247	-16.0862	-9.59819	-15.9741	-9.49642	-4.83827	-0.784484	2.37152e-321
21.6301	35.9864	7.0285	1.17125	-31.729	-16.6033	-8.85459	-16.2164	-9.53277	-4.85124	-0.668734	2.37152e-321
-16.4198	-9.37159	-0.0530317	-0.12283	-34.9288	-16.4229	-9.37029	-16.4594	-9.5633	-4.8616	-0.55198	2.37152e-321
-2.72845	-11.1416	2.96424	-0.240586	-34.809	-16.011	-9.33486	-16.7027	-9.58797	-4.8693	-0.434301	2.37152e-321
-17.1127	-9.4285	1.29011	-0.580008	-34.8469	-17.1132	-9.43043	-16.9464	-9.60673	-4.87427	-0.315773	2.37152e-321
-59.891	18.4915	-5.70428	-3.13829	-36.1717	-16.9255	-10.8571	-17.1903	-9.61954	-4.87646	-0.196479	2.37152e-321
-17.5448	-9.57359	0.352569	2.19866	-36.3707	-17.5448	-9.57485	-17.4342	-9.62636	-4.87583	-0.0765024	2.37152e-321
-26.8479	3.1261	2.99233	1.99286	-32.8453	-18.1371	-9.39146	-17.6781	-9.62717	-4.87232	0.0440703	2.37152e-321
-17.9732	-9.42332	1.05251	2.54707	-32.8495	-17.9724	-9.42299	-17.9216	-9.62194	-4.86588	0.165151	2.37152e-321
-18.46	-9.11243	4.80649	-1.71898	-31.7187	-18.3083	-9.18778	-18.1648	-9.61064	-4.85648	0.286648	2.37152e-321
-18.2763	-9.60997	4.7713	2.5273	-31.7197	-18.2763	-9.60997	-18.4074	-9.59325	-4.84408	0.40847	2.37152e-321
-31.9357	0.165094	8.52107	-2.83057	-7.88967	-18.2443	-9.58547	-18.6493	-9.56977	-4.82864	0.530522	2.37152e-321
-18.9545	-9.51523	6.51022	-0.166603	-8.90545	-18.9545	-9.51544	-18.8904	-9.54017	-4.81012	0.652707	2.37152e-321
-61.767	-3.20759	1.42981	-2.95586	-8.1266	-18.6983	-9.02886	-19.1305	-9.50447	-4.78851	0.774927	2.37152e-321
-19.2986	-9.09711	5.67077	1.88769	-7.52796	-19.2983	-9.09865	-19.3694	-9.46265	-4.76378	0.897083	2.37152e-321
-23.879	5.97366	6.33721	3.09802	14.0528	-19.7037	-8.79906	-19.6069	-9.41472	-4.73591	1.01907	2.37152e-321
-19.8731	-8.96394	4.84841	2.17947	10.3875	-19.8731	-8.96417	-19.8431	-9.36071	-4.70487	1.1408	2.37152e-321
-46.0299	28.3783	9.49201	2.88385	3.55885	-20.3815	-7.6755	-20.0775	-9.30061	-4.67066	1.26215	2.37152e-321
-20.1605	-9.59582	4.31265	1.70553	3.40246	-20.1607	-9.59663	-20.3102	-9.23446	-4.63328	1.38303	2.37152e-321
-22.8189	-0.246762	5.96166	-2.56705	42.0175	-20.4587	-9.7448	-20.5409	-9.16227	-4.59271	1.50334	2.37152e-321
-20.6596	-8.91516	4.69767	1.66457	39.0549	-20.6596	-8.91527	-20.7696	-9.08409	-4.54895	1.62296	2.37152e-321
-22.9921	14.7432	7.10187	-1.11031	52.633	-21.5568	-8.5005	-20.9959	-8.99994	-4.50202	1.74179	2.37152e-321
-21.0189	-8.85049	4.26256	0.0878166	51.4361	-21.0195	-8.85081	-21.2198	-8.90987	-4.45191	1.85972	2.37152e-321
-23.908	-8.91902	4.52985	-3.02913	68.0518	-21.8628	-8.64129	-21.4412	-8.81393	-4.39865	1.97666	2.37152e-321
-21.5094	-8.81367	4.56299	1.70266	74.9283	-21.5029	-8.87191	-21.6597	-8.71217	-4.34224	2.0925	2.37152e-321
-28.4089	42.327	10.8081	1.65342	65.209	-21.9514	-7.41274	-21.8754	-8.60465	-4.2827	2.20712	2.37152e-321
-21.9873	-8.57153	5.10612	0.442336	64.9759	-21.9793	-8.57089	-22.0881	-8.49143	-4.22007	2.32043	2.37152e-321
-26.0373	-10.422	4.73229	-2.45365	48.6325	-22.1914	-7.70392	-22.2975	-8.37258	-4.15437	2.43232	2.37152e-321
-22.5922	-8.34277	4.7424	-0.963879	48.2767	-22.5838	-8.35296	-22.5035	-8.24817	-4.08564	2.5427	2.37152e-321
-45.7462	23.1497	0.394083	-2.75663	49.3889	-22.3177	-8.57758	-22.7061	-8.11829	-4.01391	2.65145	2.37152e-321
-22.9862	-7.67207	4.49233	-0.572125	50.1721	-22.9861	-7.6724	-22.9049	-7.98301	-3.93923	2.75848	2.37152e-321
-25.0316	-6.30564	4.93924	-1.88838	51.8451	-23.2693	-8.32031	-23.1	-7.84243	-3.86163	2.8637	2.37152e-321
-23.4777	-7.56582	5.16627	-0.810722	51.8206	-23.4777	-7.56583	-23.2911	-7.69663	-3.78118	2.967	2.37152e-321
-58.34	29.2412	-0.432391	2.54668	52.178	-23.473	-7.02103	-23.4781	-7.54572	-3.69792	3.06828	2.37152e-321
-23.5393	-7.35854	4.95052	1.71515	52.4139	-23.5408	-7.36069	-23.6609	-7.3898	-3.61191	3.16746	2.37152e-321
-31.1329	44.8142	10.6624	2.40175	57.4981	-24.0505	-6.56968	-23.8393	-7.22897	-3.52321	3.26445	2.37152e-321
-23.9377	-7.26099	4.882	-2.55489	67.941	-23.9384	-7.26171	-24.0132	-7.06336	-3.43189	3.35916	2.37152e-321
16.4731	19.4927	-0.357576	0.845906	69.5733	-24.3577	-5.94086	-24.1825	-6.89307	-3.33801	3.45149	2.37152e-321
-24.2558	-6.43661	5.55088	-1.32324	70.6056	-24.2574	-6.4352	-24.347	-6.71823	-3.24166	3.54138	2.37152e-321
-37.7143	47.1371	-0.745542	2.11467	67.4129	-24.788	-7.18367	-24.5066	-6.53896	-3.14289	3.62873	2.37152e-321
-24.2991	-6.43702	5.02049	-1.15184	65.071	-24.3008	-6.43799	-24.6612	-6.35538	-3.0418	3.71347	2.37152e-321
-34.0343	14.8981	1.60755	-2.22199	4.84471	-24.6108	-6.00878	-24.8107	-6.16764	-2.93846	3.79553	2.37152e-321
-25.1461	-5.91889	4.03255	0.335333	6.17019	-25.146	-5.91902	-24.955	-5.97587	-2.83295	3.87484	2.37152e-321
-25.3345	-5.2231	4.05914	3.0615	4.91216	-24.8975	-5.02285	-25.094	-5.7802	-2.72537	3.95132	2.37152e-321
-25.1942	-5.64483	4.19805	1.18634	4.97432	-25.1941	-5.64372	-25.2276	-5.58079	-2.61581	4.02492	2.37152e-321
-3.22024	47.7594	10.4839	0.801308	2.92449	-25.5328	-5.4399	-25.3556	-5.37777	-2.50435	4.09557	2.37152e-321
-25.5713	-5.10223	4.14479	-0.453006	2.55205	-25.5713	-5.10241	-25.4779	-5.1713	-2.39109	4.16322	2.37152e-321
-51.1703	8.97923	1.20238	-2.56279	3.37226	-25.0178	-6.55904	-25.5946	-4.96152	-2.27613	4.22781	2.37152e-321
-25.6953	-4.89971	4.23406	-1.24113	3.38117	-25.6952	-4.89995	-25.7055	-4.7486	-2.15956	4.2893	2.37152e-321
-43.2618	47.5614	-1.77578	0.416434	6.1576	-25.8162	-4.40681	-25.8105	-4.53268	-2.04149	4.34764	2.37152e-321
-25.9517	-4.26619	3.97923	-1.91085	6.67362	-25.9516	-4.26659	-25.9096	-4.31392	-1.92202	4.40279	2.37152e-321
-7.9026	45.6455	-1.66388	0.304541	6.791	-26.8953	-4.43966	-26.0027	-4.0925	-1.80125	4.45471	2.37152e-321
-26.12	-3.67671	3.71567	-0.168113	6.97365	-26.1198	-3.67723	-26.0897	-3.86856	-1.67928	4.50337	2.37152e-321
-54.764	1.52291	0.557143	1.77048	-1.58095	-26.5652	-3.85723	-26.1706	-3.64227	-1.55623	4.54875	2.37152e-321
-25.9977	-3.24729	3.60603	2.29084	5.36193	-25.9974	-3.24722	-26.2453	-3.41381	-1.4322	4.59081	2.37152e-321
-54.2011	28.1262	8.01355	-1.14552	-2.02941	-26.2976	-3.01078	-26.3138	-3.18332	-1.30729	4.62954	2.37152e-321
-26.1753	-2.8794	2.28082	-2.20425	1.79599	-26.1741	-2.87885	-26.376	-2.95098	-1.18162	4.66493	2.37152e-321
1.26488	33.2043	-2.35257	1.3842	2.02993	-26.4681	-3.44967	-26.4319	-2.71697	-1.05529	4.69696	2.37152e-321
-26.6735	-2.73861	1.14539	3.12381	1.62595	-26.674	-2.73852	-26.4815	-2.48143	-0.928411	4.72562	2.37152e-321
-50.4751	5.06168	3.85384	-2.83099	2.62029	-26.657	-1.72382	-26.5247	-2.24456	-0.80109	4.75091	2.37152e-321
-26.6694	-2.17221	1.55491	-1.18603	0.055036	-26.6691	-2.17333	-26.5616	-2.0065	-0.673434	4.77284	2.37152e-321
-40.8712	45.8498	-4.00459	0.0723733	1.27825	-26.3248	-1.32261	-26.5921	-1.76744	-0.545553	4.79141	2.37152e-321
-26.4671	-1.53188	0.672275	-0.00778339	0.107328	-26.4671	-1.53207	-26.6161	-1.52753	-0.417552	4.80664	2.37152e-321
-31.455	4.91333	-0.420894	1.92948	1.42894	-26.4998	-2.19526	-26.6338	-1.28695	-0.289538	4.81852	2.37152e-321
-26.5998	-1.14275	-1.03543	-1.21619	1.42536	-26.5998	-1.14277	-26.6451	-1.04586	-0.161616	4.8271	2.37152e-321
-43.5583	41.9867	-5.47924	2.18717	-0.3629	-27.2008	-1.67679	-26.65	-0.804425	-0.0338883	4.83238	2.37152e-321
-26.7345	-0.594717	-1.82378	1.04146	-0.405006	-26.7355	-0.59539	-26.6485	-0.562811	0.0935412	4.83439	2.37152e-321
-9.81152	34.8597	2.04171	-0.821358	-0.27964	-26.9891	0.0351487	-26.6406	-0.321181	0.220572	4.83317	2.37152e-321
-26.4553	0.0603473	-1.30209	0.24893	0.542298	-26.4553	0.0602653	-26.6264	-0.0796947	0.347104	4.82874	2.37152e-321
-43.5723	-5.73622	-3.33758	-1.62846	-5.00927	-26.9537	0.136943	-26.6059	0.161489	0.473041	4.82116	2.37152e-321
-26.6202	0.575879	-1.83753	-1.88896	-4.44205	-26.6201	0.57588	-26.5792	0.402213	0.598287	4.81045	2.37152e-321
-41.3138	-44.7845	2.86604	2.85226	-5.53173	-26.8241	0.381506	-26.5462	0.642323	0.722748	4.79667	2.37152e-321
-26.7294	1.06049	-1.52793	-1.69178	-0.357026	-26.7293	1.06082	-26.5069	0.881666	0.846334	4.77986	2.37152e-321
-31.844	-49.3933	3.61472	-2.58259	2.28208	-25.9562	2.60409	-26.4616	1.12009	0.968955	4.76007	2.37152e-321
-26.3984	1.42176	-1.55991	-0.0402831	5.96343	-26.3986	1.42212	-26.4101	1.35745	1.09053	4.73737	2.37152e-321
-38.0581	1.72014	-2.67925	1.91409	6.37703	-26.5072	-0.563928	-26.3526	1.59361	1.21096	4.71181	2.37152e-321
-26.3686	1.78986	-1.32093	-0.306692	3.5175	-26.3594	1.79315	-26.2891	1.82841	1.33018	4.68345	2.37152e-321
22.1402	-13.8213	3.45332	2.56131	0.639902	-26.3475	1.82827	-26.2197	2.06173	1.44811	4.65235	2.37152e-321
-26.2495	2.18578	-0.818551	-2.56087	-1.98121	-26.2502	2.18481	-26.1444	2.29342	1.56467	4.61859	2.37152e-321
-35.4516	-4.40556	0.868237	1.17821	-0.714305	-26.069	2.27896	-26.0633	2.52336	1.67979	4.58223	2.37152e-321
-26.0643	2.80708	-0.527131	-1.09702	-0.854537	-26.0641	2.80701	-25.9765	2.75141	1.79339	4.54334	2.37152e-321
2.04677	-51.3614	7.33217	-0.0839859	-3.28384	-26.3234	3.02388	-25.8841	2.97746	1.90543	4.502	2.37152e-321
-25.8345	3.41963	1.8289	1.45715	-3.76331	-25.8345	3.42005	-25.7861	3.20139	2.01582	4.45828	2.37152e-321
-24.9567	2.99676	1.37857	-0.579112	-2.70589	-26.1824	3.73376	-25.6826	3.42306	2.12452	4.41227	2.37152e-321
-25.6666	3.63509	1.30223	-0.319506	-2.70368	-25.6666	3.63509	-25.5737	3.64239	2.23146	4.36404	2.37152e-321
-29.2303	4.81275	0.988752	-0.179057	-3.09398	-25.5773	3.13316	-25.4596	3.85924	2.3366	4.31367	2.37152e-321
-25.7493	3.99924	1.31898	-2.02155	-3.08946	-25.7492	3.99968	-25.3402	4.07353	2.43989	4.26125	2.37152e-321
-31.0467	-6.61239	2.79814	0.950807	-18.4407	-25.3516	3.75691	-25.2157	4.28514	2.54127	4.20686	2.37152e-321
-25.0211	4.52781	1.9978	3.12553	-17.771	-25.0214	4.52803	-25.0863	4.49399	2.64071	4.15058	2.37152e-321
-25.9268	4.68819	2.13641	-0.109844	-17.1202	-24.2719	4.30917	-24.9518	4.69998	2.73817	4.09251	2.37152e-321
-25.0393	4.85754	1.53932	2.31304	-16.9349	-25.0363	4.88499	-24.8126	4.90303	2.83361	4.03273	2.37152e-321
2.17326	-24.7208	-1.80783	1.35362	-46.2705	-24.3609	4.95947	-24.6686	5.10304	2.92701	3.97132	2.37152e-321
-24.5039	5.35287	2.01442	0.102247	-45.2359	-24.5041	5.35293	-24.5201	5.29995	3.01833	3.90839	2.37152e-321
-90.7272	-1.42597	-4.39934	-0.0457722	-40.9412	-24.4379	5.24592	-24.367	5.49367	3.10754	3.84401	2.37152e-321
-24.1161	5.60783	1.62953	0.39489	-33.4259	-24.1159	5.61152	-24.2095	5.68414	3.19464	3.77827	2.37152e-321
-1.82796	14.84	4.06107	-2.9107	-27.5291	-24.5638	4.75836	-24.0477	5.8713	3.27959	3.71127	2.37152e-321
-23.9155	5.9446	2.0894	-1.6231	-27.1768	-23.9153	5.94377	-23.8818	6.05508	3.36239	3.64309	2.37152e-321
-27.2549	-56.8576	7.87854	-0.326422	-27.9641	-23.5491	6.44495	-23.7117	6.23542	3.44302	3.57383	2.37152e-321
-23.6472	6.2907	1.99281	0.66471	-28.2068	-23.6471	6.29102	-23.5377	6.41227	3.52148	3.50357	2.37152e-321
-80.4414	-38.0652	-4.29959	1.16572	-8.3949	-23.7544	6.53746	-23.3598	6.58559	3.59775	3.4324	2.37152e-321
-23.0106	6.86215	2.21918	2.0019	-4.55933	-23.0099	6.86182	-23.1781	6.75533	3.67185	3.36041	2.37152e-321
14.5777	-73.9224	-6.19764	-0.756808	2.5647	-22.7862	5.74143	-22.9928	6.92146	3.74376	3.28768	2.37152e-321
-22.7	7.06205	2.30055	-2.02658	3.64344	-22.6991	7.063	-22.804	7.08393	3.8135	3.21431	2.37152e-321
-49.6575	-47.643	8.22853	0.177966	29.1463	-22.418	6.76159	-22.6117	7.24273	3.88106	3.14038	2.37152e-321
-22.5083	7.3149	2.63003	0.818153	29.3268	-22.5083	7.31524	-22.4161	7.39782	3.94647	3.06598	2.37152e-321
-94.803	-70.1309	-6.60302	-0.116939	42.1164	-22.0543	7.85452	-22.2173	7.54917	4.00974	2.99118	2.37152e-321
-22.1948	7.69393	3.51802	2.91429	53.2139	-22.1947	7.69478	-22.0154	7.69679	4.07087	2.91607	2.37152e-321
-8.24479	4.28855	1.23778	0.363463	112.814	-21.6178	9.0351	-21.8105	7.84064	4.12989	2.84074	2.37152e-321
-21.642	7.92611	2.67431	-0.33713	120.502	-21.6473	7.94	-21.6026	7.98072	4.18681	2.76526	2.37152e-321
-24.2471	8.89178	2.68724	0.180829	141.085	-21.8637	7.78661	-21.392	8.11703	4.24166	2.68971	2.37152e-321
-21.0859	7.83595	2.99907	1.57337	140.272	-21.0853	7.83229	-21.1787	8.24957	4.29447	2.61417	2.37152e-321
-21.1903	-18.9292	0.197965	-0.58219	125.898	-20.5503	9.28616	-20.9628	8.37833	4.34526	2.53871	2.37152e-321
-21.052	8.50971	2.72937	-2.17672	126.879	-21.0519	8.50983	-20.7444	8.50333	4.39406	2.46341	2.37152e-321
-64.3454	-54.0184	9.765	-0.507805	122.133	-19.9265	9.40847	-20.5237	8.62457	4.4409	2.38835	2.37152e-321
-20.2102	8.68884	3.03993	-2.81629	120.354	-20.21	8.68914	-20.3006	8.74206	4.48582	2.31358	2.37152e-321
-71.7512	-8.70901	8.44807	-0.952713	134.081	-20.2277	8.8532	-20.0753	8.85583	4.52884	2.23919	2.37152e-321
-20.0635	8.86709	3.53828	-0.570862	133.876	-20.0633	8.86724	-19.848	8.96589	4.57001	2.16524	2.37152e-321
-20.0117	8.86976	4.03885	0.137008	169.731	-19.9264	8.78179	-19.6186	9.07227	4.60937	2.09179	2.37152e-321
-19.4861	8.96663	4.08853	-1.09978	169.738	-19.4861	8.96665	-19.3873	9.17499	4.64694	2.01891	2.37152e-321
-0.506778	-28.3023	7.92441	-0.435094	171.125	-18.5719	10.2069	-19.1542	9.27409	4.68278	1.94666	2.37152e-321
-18.6788	9.19164	4.24616	2.64865	171.206	-18.6786	9.19191	-18.9193	9.36959	4.71692	1.8751	2.37152e-321
-23.0732	11.5582	4.34468	-0.920186	163.943	-19.2825	8.98189	-18.6827	9.46154	4.7494	1.80429	2.37152e-321
-18.43	9.46411	3.73735	0.379867	169.351	-18.4242	9.46852	-18.4446	9.54996	4.78028	1.73429	2.37152e-321
-114.954	-29.1455	-5.48126	-0.148182	157.938	-18.1634	8.72444	-18.2049	9.63492	4.80959	1.66514	2.37152e-321
-17.7738	9.72388	3.70404	-0.0234247	155.634	-17.7736	9.72478	-17.9639	9.71643	4.83737	1.59691	2.37152e-321
-12.1582	9.5662	4.37292	-0.337842	145.263	-17.2296	9.97767	-17.7214	9.79457	4.86368	1.52964	2.37152e-321
-17.3413	9.88755	3.88976	1.99799	145.424	-17.3436	9.88109	-17.4777	9.86936	4.88856	1.46338	2.37152e-321
20.4435	-73.3112	-4.50848	-1.8301	204.72	-17.1554	10.212	-17.2328	9.94087	4.91205	1.39818	2.37152e-321
-16.887	10.1448	3.27411	0.786141	210.855	-16.8876	10.145	-16.9868	10.0091	4.93421	1.33408	2.37152e-321
-24.5102	2.67137	2.85866	-0.366916	151.038	-16.5958	10.1078	-16.7396	10.0743	4.95507	1.27113	2.37152e-321
-16.5153	10.3091	3.81639	1.29555	152.893	-16.5153	10.3091	-16.4915	10.1362	4.97469	1.20937	2.37152e-321
-33.0707	-48.2454	-1.34028	-1.06394	105.923	-16.09	10.5824	-16.2424	10.1952	4.99311	1.14883	2.37152e-321
-16.0062	10.1841	4.02025	0.0304049	105.902	-16.006	10.1843	-15.9924	10.2511	5.01039	1.08956	2.37152e-321
-84.3832	8.10234	-1.8272	-0.676409	109.734	-15.7234	10.41	-15.7416	10.3041	5.02655	1.03159	2.37152e-321
-15.5702	10.19	4.14569	-1.72561	115.183	-15.5699	10.1904	-15.4899	10.3543	5.04166	0.974957	2.37152e-321
-18.9421	-11.5269	6.22819	-0.212738	120.228	-14.2385	10.9109	-15.2376	10.4016	5.05576	0.919692	2.37152e-321
-14.9365	10.4721	4.34939	-1.49421	120.166	-14.9365	10.4722	-14.9846	10.4462	5.06889	0.865828	2.37152e-321
-4.75219	-122.039	16.0398	0.704493	100.043	-14.724	9.63507	-14.7309	10.4882	5.0811	0.813394	2.37152e-321
-14.4084	10.2214	5.03765	2.70423	87.7229	-14.4088	10.222	-14.4766	10.5276	5.09243	0.762418	2.37152e-321
-7.78739	7.16992	4.16451	-0.0618178	41.5817	-13.9005	10.5238	-14.2218	10.5645	5.10293	0.712926	2.37152e-321
-13.8054	10.9297	5.0481	1.72612	35.1129	-13.8049	10.9383	-13.9665	10.5989	5.11263	0.664944	2.37152e-321
2.09161	-92.3434	-3.72165	-2.51489	7.45089	-13.3956	10.7857	-13.7107	10.631	5.12159	0.618496	2.37152e-321
-13.3554	10.5514	4.24674	-3.09434	3.24662	-13.3556	10.5517	-13.4545	10.6608	5.12983	0.573603	2.37152e-321
-68.1934	6.89644	8.92966	-1.09287	-7.78051	-12.9374	10.8137	-13.1979	10.6884	5.13741	0.530288	2.37152e-321
-12.9592	11.0098	3.95612	2.79272	-8.12538	-12.9591	11.0099	-12.9409	10.7138	5.14436	0.48857	2.37152e-321
-5.51075	8.40993	3.30228	-0.420013	-117.645	-12.2518	11.2495	-12.6836	10.7373	5.15071	0.448467	2.37152e-321
-12.35	10.657	4.44171	1.92307	-120.146	-12.3713	10.6091	-12.426	10.7587	5.15651	0.409997	2.37152e-321
13.7625	-60.2177	-1.70673	1.8593	-120.486	-11.9352	10.9161	-12.1681	10.7783	5.16179	0.373177	2.37152e-321
-11.9416	11.0525	4.66995	-0.502701	-121.304	-11.9451	11.0515	-11.91	10.7961	5.16658	0.338022	2.37152e-321
-4.32691	6.98055	5.26585	-1.10716	-94.5482	-10.9703	10.9676	-11.6516	10.8121	5.17092	0.304546	2.37152e-321
-11.4504	10.9429	4.60136	2.07523	-98.65	-11.4548	10.9407	-11.393	10.8265	5.17484	0.272761	2.37152e-321
27.7682	-60.1348	-2.49134	-1.22109	-107.681	-11.3472	10.5111	-11.1342	10.8394	5.17836	0.242681	2.37152e-321
-10.5994	10.6828	3.45378	-0.402815	-107.61	-10.6009	10.6823	-10.8753	10.8509	5.18153	0.214317	2.37152e-321
-9.19295	10.0829	2.94803	-0.600987	-144.598	-10.6563	10.8369	-10.6161	10.8609	5.18435	0.187679	2.37152e-321
-10.4141	10.8748	2.82715	-2.03709	-144.609	-10.4142	10.8747	-10.3569	10.8697	5.18687	0.162776	2.37152e-321
-50.653	-68.938	9.78544	0.532671	-117.997	-9.90413	11.2255	-10.0976	10.8772	5.1891	0.139618	2.37152e-321
-9.83418	11.1028	2.46535	-1.56257	-113.179	-9.83445	11.1032	-9.83809	10.8837	5.19106	0.118212	2.37152e-321
-8.90853	-96.952	11.5628	1.61397	-117.891	-10.195	10.3498	-9.57852	10.8891	5.19278	0.0985664	2.37152e-321
-9.31798	11.0343	0.939319	-1.01235	-117.358	-9.3066	11.0348	-9.31887	10.8936	5.19428	0.0806865	2.37152e-321
-11.4779	14.2675	2.96325	-0.819683	-95.6784	-9.2226	10.3527	-9.05915	10.8972	5.19557	0.0645787	2.37152e-321
-8.78757	11.072	3.30764	1.76794	-95.423	-8.78899	11.0707	-8.79937	10.9001	5.19667	0.050248	2.37152e-321
3.18958	-48.2112	-1.6835	-0.995927	-95.5561	-8.83914	10.0319	-8.53953	10.9023	5.19759	0.0376992	2.37152e-321
-8.62087	10.6574	3.1998	0.968598	-95.6418	-8.62045	10.6577	-8.27965	10.9039	5.19835	0.0269359	2.37152e-321
-111.823	-139.552	-15.4425	-3.00656	-89.6683	-7.91543	11.1157	-8.01974	10.905	5.19896	0.0179617	2.37152e-321
-7.51962	10.9997	-1.06378	-1.31872	-89.0475	-7.51971	11.0005	-7.75979	10.9057	5.19942	0.0107791	2.37152e-321
2.84873	-29.021	1.4871	1.79653	-170.554	-7.25987	10.6458	-7.49981	10.9061	5.19975	0.00539029	2.37152e-321
-7.15331	10.8157	-0.262626	2.27167	-169.846	-7.15631	10.815	-7.23983	10.9063	5.19994	0.00179692	2.37152e-321
-6.91923	10.377	-2.55014	1.86838	-152.871	-7.39396	11.0181	-6.97983	10.9064	5.2	-7.84874e-15	2.37152e-321
