L	-0.1853	2.8567	1477010443250000	-0.0079	2.9498	-0.0628	0.9980
R	3.4819	1.5894	0.8112	1477010443650000	-0.0611	3.3460	-0.1874	0.9823
L	-0.0500	3.7401	1477010444050000	-0.1635	3.7324	-0.3090	0.9511
R	3.9564	1.6269	1.8843	1477010444450000	-0.3136	4.1029	-0.4258	0.9048
L	-0.5253	4.2903	1477010444850000	-0.5089	4.4517	-0.5358	0.8443
R	4.7159	1.6893	1.0937	1477010445250000	-0.7464	4.7732	-0.6374	0.7705
L	-0.8724	5.1715	1477010445650000	-1.0223	5.0624	-0.7290	0.6845
R	4.7532	1.8277	1.7018	1477010446050000	-1.3323	5.3148	-0.8090	0.5878
L	-1.6498	5.5331	1477010446450000	-1.6715	5.5264	-0.8763	0.4818
R	5.8129	1.9372	0.6998	1477010446850000	-2.0345	5.6937	-0.9298	0.3681
L	-2.2954	5.8349	1477010447250000	-2.4157	5.8143	-0.9686	0.2487
R	6.3898	2.0005	0.0771	1477010447650000	-2.8089	5.8861	-0.9921	0.1253
L	-3.2022	5.7123	1477010448050000	-3.2080	5.9080	-1.0000	0.0000
R	7.0179	2.1149	0.0417	1477010448450000	-3.6068	5.8798	-0.9921	-0.1253
L	-3.9569	5.7211	1477010448850000	-3.9988	5.8018	-0.9686	-0.2487
R	7.4670	2.2127	0.2766	1477010449250000	-4.3780	5.6753	-0.9298	-0.3681
L	-4.4733	5.6583	1477010449650000	-4.7384	5.5023	-0.8763	-0.4817
R	7.3919	2.3180	0.4853	1477010450050000	-5.0742	5.2854	-0.8090	-0.5878
L	-5.2556	4.9060	1477010450450000	-5.3802	5.0282	-0.7290	-0.6845
R	7.4932	2.4604	0.3281	1477010450850000	-5.6515	4.7347	-0.6374	-0.7705
L	-5.6309	4.3820	1477010451250000	-5.8840	4.4095	-0.5358	-0.8443
R	7.4110	2.5531	-0.3529	1477010451650000	-6.0738	4.0577	-0.4258	-0.9048
L	-6.2492	3.8361	1477010452050000	-6.2180	3.6848	-0.3090	-0.9511
R	7.2342	2.6615	0.1450	1477010452450000	-6.3144	3.2969	-0.1874	-0.9823
L	-6.2257	2.7491	1477010452850000	-6.3614	2.8999	-0.0628	-0.9980
R	6.7902	2.7433	-0.9249	1477010453250000	-6.3582	2.5002	0.0628	-0.9980
L	-6.1454	2.3167	1477010453650000	-6.3050	2.1040	0.1874	-0.9823
R	6.2050	2.8622	-0.7349	1477010454050000	-6.2026	1.7176	0.3090	-0.9511
L	-5.9523	1.4032	1477010454450000	-6.0525	1.3471	0.4258	-0.9048
R	6.0306	2.9508	-1.0789	1477010454850000	-5.8572	0.9983	0.5358	-0.8443
L	-5.4040	0.6175	1477010455250000	-5.6197	0.6768	0.6374	-0.7705
R	5.0277	3.0679	-0.6141	1477010455650000	-5.3438	0.3876	0.7290	-0.6846
L	-5.1780	0.0858	1477010456050000	-5.0338	0.1352	0.8090	-0.5878
R	4.3483	-3.1644	-1.3684	1477010456450000	-4.6946	-0.0764	0.8763	-0.4818
L	-4.3937	-0.2659	1477010456850000	-4.3316	-0.2437	0.9298	-0.3681
R	3.8608	-3.0611	-0.6306	1477010457250000	-3.9504	-0.3642	0.9686	-0.2487
L	-3.4939	-0.3643	1477010457650000	-3.5572	-0.4361	0.9921	-0.1254
R	3.3145	-2.9993	-1.2947	1477010458050000	-3.1580	-0.4580	1.0000	0.0000
L	-2.9127	-0.4027	1477010458450000	-2.7593	-0.4298	0.9921	0.1253
R	2.5027	-3.0367	-0.9683	1477010458850000	-2.3672	-0.3518	0.9686	0.2487
L	-1.9100	-0.1153	1477010459250000	-1.9880	-0.2253	0.9298	0.3681
R	1.7818	-3.1141	-0.2923	1477010459650000	-1.6277	-0.0523	0.8763	0.4817
L	-1.0785	0.0582	1477010460050000	-1.2919	0.1646	0.8090	0.5878
R	0.8388	2.7508	-0.4322	1477010460450000	-0.9859	0.4218	0.7290	0.6845
L	-0.8502	0.9090	1477010460850000	-0.7145	0.7153	0.6374	0.7705
R	1.9525	1.9926	0.5436	1477010461250000	-0.4821	1.0406	0.5359	0.8443
L	-0.2093	1.7340	1477010461650000	-0.2923	1.3923	0.4258	0.9048
R	1.8688	1.6045	0.3787	1477010462050000	-0.1481	1.7652	0.3090	0.9510
L	-0.0786	2.2358	1477010462450000	-0.0517	2.1531	0.1874	0.9823
R	3.1822	1.6152	1.0250	1477010462850000	-0.0047	2.5501	0.0628	0.9980
L	0.0325	2.9830	1477010463250000	0.0016	2.9500	0.0314	0.9995
R	3.3642	1.6071	1.3054	1477010463650000	0.0423	3.3476	0.1565	0.9877
L	0.0656	3.5626	1477010464050000	0.1326	3.7370	0.2790	0.9603
R	4.6157	1.5368	0.8302	1477010464450000	0.2709	4.1121	0.3972	0.9177
L	0.4490	4.6564	1477010464850000	0.4552	4.4668	0.5091	0.8607
R	5.0413	1.4959	0.9725	1477010465250000	0.6825	4.7956	0.6129	0.7901
L	1.0368	5.2645	1477010465650000	0.9492	5.0934	0.7071	0.7071
R	6.0260	1.2744	0.4197	1477010466050000	1.2511	5.3554	0.7902	0.6129
L	1.4507	5.6940	1477010466450000	1.5835	5.5775	0.8608	0.5090
R	5.8932	1.2986	0.6315	1477010466850000	1.9411	5.7562	0.9178	0.3971
L	2.3181	6.2690	1477010467250000	2.3182	5.8886	0.9603	0.2790
R	6.0090	1.1875	0.8309	1477010467650000	2.7090	5.9727	0.9877	0.1564
L	3.1067	5.7870	1477010468050000	3.1073	6.0072	0.9995	0.0314
R	6.9770	1.0542	0.5526	1477010468450000	3.5067	5.9915	0.9956	-0.0941
L	3.6384	5.9022	1477010468850000	3.9010	5.9259	0.9759	-0.2182
R	7.6494	0.9022	0.0291	1477010469250000	4.2840	5.8114	0.9409	-0.3388
L	4.5908	5.7935	1477010469650000	4.6496	5.6497	0.8910	-0.4540
R	7.5706	0.8200	-0.0640	1477010470050000	4.9921	5.4436	0.8271	-0.5621
L	5.1665	5.2324	1477010470450000	5.3060	5.1961	0.7501	-0.6613
R	7.0929	0.7022	0.0995	1477010470850000	5.5864	4.9112	0.6613	-0.7501
L	5.6324	4.3181	1477010471250000	5.8289	4.5934	0.5621	-0.8271
R	7.5179	0.6418	-0.0156	1477010471650000	6.0297	4.2478	0.4540	-0.8910
L	6.1510	3.8227	1477010472050000	6.1856	3.8797	0.3387	-0.9409
R	7.0713	0.5338	-0.2374	1477010472450000	6.2941	3.4949	0.2181	-0.9759
L	6.5755	3.4883	1477010472850000	6.3535	3.0996	0.0941	-0.9956
